3,6,yellow
51,52,255
60,43,255
69,20,255
65,37,255
60,98,255
60,71,255
3,6,yellow
60,95,255
60,87,255
54,79,225
57,111,192
53,54,255
57,47,255
2,10,blue
221,230,201
216,230,215
223,165,199
214,192,208
220,178,184
220,195,200
220,176,147
217,167,117
219,193,157
212,215,148
0,7,red
20,167,255
17,165,255
18,161,255
18,165,255
11,139,240
18,177,255
13,164,255
1,6,green
163,93,90
207,77,96
173,94,78
150,25,119
168,31,130
137,19,92
2,2,blue
255,115,128
296,67,117
1,2,green
188,177,132
198,174,130
2,2,blue
220,66,112
221,102,109
0,5,red
13,177,254
14,135,255
16,160,254
15,167,250
9,162,231
0,5,red
15,171,229
18,140,252
28,68,255
17,146,250
17,129,241
