82,136,82,27,77,59,86,11,109,104,89,100,180,0,0,0,0,0,0,0,81,100,0,0,
82,136,82,27,77,57,86,11,109,104,89,100,180,0,0,0,0,0,0,0,81,100,0,0,
82,136,82,27,77,56,86,11,109,104,89,100,180,0,0,0,0,0,0,0,81,100,0,0,
82,136,82,27,77,54,86,11,109,104,89,100,180,0,0,0,0,0,0,0,81,100,0,0,
82,136,82,27,77,53,86,11,109,104,89,100,180,0,0,0,0,0,0,0,81,100,0,0,
82,136,82,27,77,51,86,11,109,104,89,100,180,0,0,0,0,0,0,0,81,100,0,0,
82,136,82,27,77,50,86,11,109,104,89,100,180,0,0,0,0,0,0,0,81,100,0,0,
82,136,82,27,77,48,86,11,109,104,89,100,180,0,0,0,0,0,0,0,81,100,0,0,
82,136,82,27,77,47,86,11,109,104,89,100,180,0,0,0,0,0,0,0,81,100,0,0,
82,136,82,27,77,45,86,11,109,104,89,100,180,0,0,0,0,0,0,0,81,100,0,0,
82,136,82,27,77,45,86,11,109,104,89,98,180,0,0,0,0,0,0,0,81,100,0,0,
82,136,82,27,77,45,86,11,109,104,89,97,180,0,0,0,0,0,0,0,81,100,0,0,
82,136,82,27,77,45,86,11,109,104,89,95,180,0,0,0,0,0,0,0,81,100,0,0,
82,136,82,27,77,45,86,11,109,104,89,93,180,0,0,0,0,0,0,0,81,100,0,0,
82,136,82,27,77,45,86,11,109,104,89,92,180,0,0,0,0,0,0,0,81,100,0,0,
82,136,82,27,77,45,86,11,109,104,89,90,180,0,0,0,0,0,0,0,81,100,0,0,
82,136,82,27,77,45,86,11,109,104,89,88,180,0,0,0,0,0,0,0,81,100,0,0,
82,136,82,27,77,45,86,11,109,104,89,87,180,0,0,0,0,0,0,0,81,100,0,0,
82,136,82,27,77,45,86,11,109,104,89,85,180,0,0,0,0,0,0,0,81,100,0,0,
82,135,82,27,77,45,86,11,109,104,89,85,180,0,0,0,0,0,0,0,81,100,0,0,
82,133,82,27,77,45,86,11,109,104,89,85,180,0,0,0,0,0,0,0,81,100,0,0,
82,132,82,27,77,45,86,11,109,104,89,85,180,0,0,0,0,0,0,0,81,100,0,0,
82,131,82,27,77,45,86,11,109,104,89,85,180,0,0,0,0,0,0,0,81,100,0,0,
82,129,82,27,77,45,86,11,109,104,89,85,180,0,0,0,0,0,0,0,81,100,0,0,
82,128,82,27,77,45,86,11,109,104,89,85,180,0,0,0,0,0,0,0,81,100,0,0,
82,127,82,27,77,45,86,11,109,104,89,85,180,0,0,0,0,0,0,0,81,100,0,0,
82,125,82,27,77,45,86,11,109,104,89,85,180,0,0,0,0,0,0,0,81,100,0,0,
82,124,82,27,77,45,86,11,109,104,89,85,180,0,0,0,0,0,0,0,81,100,0,0,
82,124,82,27,77,47,86,11,109,104,89,87,180,0,0,0,0,0,0,0,81,100,0,0,
82,124,82,27,77,48,86,11,109,104,89,89,180,0,0,0,0,0,0,0,81,100,0,0,
82,124,82,27,77,50,86,11,109,104,89,91,180,0,0,0,0,0,0,0,81,100,0,0,
82,124,82,27,77,52,86,11,109,104,89,93,180,0,0,0,0,0,0,0,81,100,0,0,
82,124,82,27,77,53,86,11,109,104,89,94,180,0,0,0,0,0,0,0,81,100,0,0,
82,124,82,27,77,55,86,11,109,104,89,96,180,0,0,0,0,0,0,0,81,100,0,0,
82,124,82,27,77,57,86,11,109,104,89,98,180,0,0,0,0,0,0,0,81,100,0,0,
82,124,82,27,77,58,86,11,109,104,89,100,180,0,0,0,0,0,0,0,81,100,0,0,
82,124,82,27,77,60,86,11,109,104,89,102,180,0,0,0,0,0,0,0,81,100,0,0,
82,125,82,27,77,60,86,11,109,104,89,102,180,0,0,0,0,0,0,0,81,100,0,0,
82,127,82,27,77,60,86,11,109,104,89,102,180,0,0,0,0,0,0,0,81,100,0,0,
82,128,82,27,77,60,86,11,109,104,89,101,180,0,0,0,0,0,0,0,81,100,0,0,
82,129,82,27,77,60,86,11,109,104,89,101,180,0,0,0,0,0,0,0,81,100,0,0,
82,131,82,27,77,59,86,11,109,104,89,101,180,0,0,0,0,0,0,0,81,100,0,0,
82,132,82,27,77,59,86,11,109,104,89,101,180,0,0,0,0,0,0,0,81,100,0,0,
82,133,82,27,77,59,86,11,109,104,89,100,180,0,0,0,0,0,0,0,81,100,0,0,
82,135,82,27,77,59,86,11,109,104,89,100,180,0,0,0,0,0,0,0,81,100,0,0,
82,136,82,27,77,59,86,11,109,104,89,100,180,0,0,0,0,0,0,0,81,100,0,0,
