82,135,99,29,62,53,86,13,116,104,82,94,180,0,0,0,0,0,0,0,0,0,0,0,
82,135,97,28,63,55,86,12,117,104,81,96,180,0,0,0,0,0,0,0,0,0,0,0,
82,136,95,27,64,57,86,12,119,104,79,98,180,0,0,0,0,0,0,0,0,0,0,0,
82,136,94,27,65,59,86,11,121,104,77,100,180,0,0,0,0,0,0,0,0,0,0,0,
82,136,94,27,65,59,86,11,121,104,77,100,180,0,0,0,0,0,0,0,0,0,0,0,
82,135,92,27,67,61,86,11,122,103,76,102,180,0,0,0,0,0,0,0,0,0,0,0,
82,135,90,27,69,63,86,12,121,101,74,104,180,0,0,0,0,0,0,0,0,0,0,0,
82,134,89,27,70,65,86,12,120,98,72,106,180,0,0,0,0,0,0,0,0,0,0,0,
82,134,88,27,71,67,86,12,117,95,71,108,180,0,0,0,0,0,0,0,0,0,0,0,
82,134,87,27,72,68,86,13,113,91,69,109,180,0,0,0,0,0,0,0,0,0,0,0,
82,134,86,27,73,69,86,13,110,86,69,110,180,0,0,0,0,0,0,0,0,0,0,0,
82,133,85,27,74,70,86,13,106,82,68,111,180,0,0,0,0,0,0,0,0,0,0,0,
82,133,85,27,74,70,86,13,102,78,68,111,180,0,0,0,0,0,0,0,0,0,0,0,
82,133,84,27,75,71,86,13,98,75,69,112,180,0,0,0,0,0,0,0,0,0,0,0,
82,133,84,27,75,71,86,13,95,73,69,112,180,0,0,0,0,0,0,0,0,0,0,0,
82,133,83,27,76,71,86,14,94,72,71,113,180,0,0,0,0,0,0,0,0,0,0,0,
82,133,83,27,76,71,86,14,93,72,73,113,180,0,0,0,0,0,0,0,0,0,0,0,
82,133,83,27,76,71,86,14,94,74,76,113,180,0,0,0,0,0,0,0,0,0,0,0,
82,133,83,27,76,71,86,14,94,76,79,114,180,0,0,0,0,0,0,0,0,0,0,0,
82,133,83,27,76,71,86,14,96,79,83,114,180,0,0,0,0,0,0,0,0,0,0,0,
82,133,82,27,77,71,86,14,98,82,87,114,180,0,0,0,0,0,0,0,0,0,0,0,
82,132,82,27,77,71,86,14,99,86,91,114,180,0,0,0,0,0,0,0,0,0,0,0,
82,132,82,27,77,71,86,14,101,90,95,114,180,0,0,0,0,0,0,0,0,0,0,0,
82,132,82,27,77,71,86,14,103,93,99,114,180,0,0,0,0,0,0,0,0,0,0,0,
82,132,82,27,77,71,86,14,105,97,102,114,180,0,0,0,0,0,0,0,0,0,0,0,
82,132,82,27,77,71,86,14,107,100,102,114,180,0,0,0,0,0,0,0,0,0,0,0,
82,132,82,27,77,71,86,14,108,102,100,115,180,0,0,0,0,0,0,0,0,0,0,0,
82,132,82,27,77,70,86,14,109,103,98,115,180,0,0,0,0,0,0,0,0,0,0,0,
82,132,82,27,77,70,86,14,109,104,96,115,180,0,0,0,0,0,0,0,0,0,0,0,
82,132,82,27,77,70,86,14,109,104,94,115,180,0,0,0,0,0,0,0,0,0,0,0,
82,132,82,27,77,70,86,14,109,104,93,114,180,0,0,0,0,0,0,0,0,0,0,0,
82,133,82,27,77,70,86,14,109,104,92,114,180,0,0,0,0,0,0,0,0,0,0,0,
82,133,82,27,77,70,86,14,109,104,91,113,180,0,0,0,0,0,0,0,0,0,0,0,
82,133,82,27,77,70,86,13,109,104,91,112,180,0,0,0,0,0,0,0,0,0,0,0,
82,133,82,27,77,70,86,13,109,104,90,111,180,0,0,0,0,0,0,0,0,0,0,0,
82,133,82,27,77,69,86,13,109,104,89,110,180,0,0,0,0,0,0,0,0,0,0,0,
82,134,82,27,77,68,86,13,109,104,89,109,180,0,0,0,0,0,0,0,0,0,0,0,
82,134,82,27,77,67,86,13,109,104,89,108,180,0,0,0,0,0,0,0,0,0,0,0,
82,134,82,27,77,65,86,12,109,104,89,106,180,0,0,0,0,0,0,0,0,0,0,0,
82,135,82,27,77,64,86,12,109,104,89,105,180,0,0,0,0,0,0,0,0,0,0,0,
82,135,82,27,77,63,86,12,109,104,89,104,180,0,0,0,0,0,0,0,0,0,0,0,
82,135,82,27,77,62,86,12,109,104,89,103,180,0,0,0,0,0,0,0,0,0,0,0,
82,135,82,27,77,61,86,11,109,104,89,102,180,0,0,0,0,0,0,0,0,0,0,0,
82,136,82,27,77,60,86,11,109,104,89,101,180,0,0,0,0,0,0,0,0,0,0,0,
82,136,82,27,77,60,86,11,109,104,89,101,180,0,0,0,0,0,0,0,0,0,0,0,
82,136,82,27,77,59,86,11,109,104,89,100,180,0,0,0,0,0,0,0,0,0,0,0,
82,136,82,27,77,59,86,11,109,104,89,100,180,0,0,0,0,0,0,0,0,0,0,0,
82,136,82,27,77,59,86,11,109,104,89,100,180,0,0,0,0,0,0,0,0,0,0,0,
82,136,82,27,77,59,86,11,109,104,89,100,180,0,0,0,0,0,0,0,0,0,0,0,
82,136,82,27,77,59,86,11,109,104,89,100,180,0,0,0,0,0,0,0,0,0,0,0,
82,136,82,27,77,59,86,11,109,104,89,100,180,0,0,0,0,0,0,0,0,0,0,0,
82,136,82,27,77,59,86,11,109,104,89,100,180,0,0,0,0,0,0,0,0,0,0,0,
82,136,82,27,77,59,86,11,109,104,89,100,180,0,0,0,0,0,0,0,0,0,0,0,
