82,135,97,29,64,55,86,12,117,104,81,96,180,0,0,0,0,0,0,0,0,0,0,0
82,136,95,28,64,57,86,12,119,104,79,98,180,0,0,0,0,0,0,0,0,0,0,0
82,136,94,27,65,59,86,11,121,104,77,100,180,0,0,0,0,0,0,0,0,0,0,0
82,136,94,27,65,59,86,11,121,104,77,100,180,0,0,0,0,0,0,0,0,0,0,0
82,135,92,27,67,61,86,11,122,104,76,102,180,0,0,0,0,0,0,0,0,0,0,0
82,135,90,27,69,63,86,12,123,103,74,104,180,0,0,0,0,0,0,0,0,0,0,0
82,134,89,27,70,65,86,12,123,101,72,106,180,0,0,0,0,0,0,0,0,0,0,0
82,134,88,27,71,67,86,12,123,99,70,108,180,0,0,0,0,0,0,0,0,0,0,0
82,134,87,27,72,68,86,13,123,96,68,109,180,0,0,0,0,0,0,0,0,0,0,0
82,134,86,27,73,69,86,13,121,93,66,110,180,0,0,0,0,0,0,0,0,0,0,0
82,133,86,27,73,70,86,13,120,90,64,111,180,0,0,0,0,0,0,0,0,0,0,0
82,133,85,27,74,70,86,13,118,86,62,111,180,0,0,0,0,0,0,0,0,0,0,0
82,133,85,27,74,71,86,13,116,82,61,112,180,0,0,0,0,0,0,0,0,0,0,0
82,133,84,27,75,71,86,13,113,78,59,112,180,0,0,0,0,0,0,0,0,0,0,0
82,133,84,27,75,72,86,14,110,74,58,113,180,0,0,0,0,0,0,0,0,0,0,0
82,133,84,27,75,72,86,14,107,70,56,113,180,0,0,0,0,0,0,0,0,0,0,0
82,133,83,27,76,72,86,14,104,66,55,113,180,0,0,0,0,0,0,0,0,0,0,0
82,133,83,27,76,73,86,14,101,62,54,114,180,0,0,0,0,0,0,0,0,0,0,0
82,133,83,27,76,73,86,14,98,58,53,114,180,0,0,0,0,0,0,0,0,0,0,0
82,133,83,27,76,73,86,14,95,54,53,114,180,0,0,0,0,0,0,0,0,0,0,0
82,132,83,27,76,73,86,14,92,51,52,114,180,0,0,0,0,0,0,0,0,0,0,0
82,132,82,27,77,73,86,14,89,48,52,114,180,0,0,0,0,0,0,0,0,0,0,0
82,132,82,27,77,73,86,14,87,45,52,114,180,0,0,0,0,0,0,0,0,0,0,0
82,132,82,27,77,73,86,14,84,43,53,114,180,0,0,0,0,0,0,0,0,0,0,0
82,132,82,27,77,73,86,14,82,41,53,114,180,0,0,0,0,0,0,0,0,0,0,0
82,132,82,27,77,72,86,14,80,40,54,115,180,0,0,0,0,0,0,0,0,0,0,0
82,132,82,27,77,72,86,14,79,40,55,115,180,0,0,0,0,0,0,0,0,0,0,0
82,132,82,27,77,72,86,14,78,40,56,115,180,0,0,0,0,0,0,0,0,0,0,0
82,132,82,27,77,72,86,14,77,41,58,115,180,0,0,0,0,0,0,0,0,0,0,0
82,132,82,27,77,72,86,14,76,43,60,115,180,0,0,0,0,0,0,0,0,0,0,0
82,132,82,27,77,72,86,14,76,45,62,115,180,0,0,0,0,0,0,0,0,0,0,0
82,132,82,27,77,73,86,14,76,47,65,114,180,0,0,0,0,0,0,0,0,0,0,0
82,132,82,27,77,73,86,14,76,49,68,114,180,0,0,0,0,0,0,0,0,0,0,0
82,132,82,27,77,73,86,14,76,52,70,114,180,0,0,0,0,0,0,0,0,0,0,0
82,132,82,27,77,73,86,14,76,55,73,114,180,0,0,0,0,0,0,0,0,0,0,0
82,132,81,27,78,73,86,14,76,59,76,114,180,0,0,0,0,0,0,0,0,0,0,0
82,133,81,27,78,73,86,14,77,62,79,114,180,0,0,0,0,0,0,0,0,0,0,0
82,133,81,27,78,73,86,14,77,66,82,114,180,0,0,0,0,0,0,0,0,0,0,0
82,133,81,27,78,73,86,14,78,69,85,114,180,0,0,0,0,0,0,0,0,0,0,0
82,133,81,27,78,72,86,14,79,73,88,113,180,0,0,0,0,0,0,0,0,0,0,0
82,133,80,27,79,72,86,14,80,77,91,113,180,0,0,0,0,0,0,0,0,0,0,0
82,133,80,27,79,72,86,14,81,80,93,113,180,0,0,0,0,0,0,0,0,0,0,0
82,133,80,27,79,71,86,13,82,84,96,112,180,0,0,0,0,0,0,0,0,0,0,0
82,133,79,27,80,71,86,13,83,87,98,112,180,0,0,0,0,0,0,0,0,0,0,0
82,133,79,27,80,70,86,13,84,90,100,111,180,0,0,0,0,0,0,0,0,0,0,0
82,133,78,27,81,70,86,13,86,93,101,111,180,0,0,0,0,0,0,0,0,0,0,0
82,134,78,27,81,69,86,13,87,96,103,110,180,0,0,0,0,0,0,0,0,0,0,0
82,134,77,27,82,68,86,13,89,98,103,109,180,0,0,0,0,0,0,0,0,0,0,0
82,134,76,27,83,67,86,12,90,100,104,108,180,0,0,0,0,0,0,0,0,0,0,0
82,134,75,27,84,65,86,12,92,102,104,106,180,0,0,0,0,0,0,0,0,0,0,0
82,135,74,27,85,63,86,12,94,103,103,104,180,0,0,0,0,0,0,0,0,0,0,0
82,135,72,27,87,61,86,11,96,104,102,102,180,0,0,0,0,0,0,0,0,0,0,0
82,136,70,32,89,59,86,11,97,104,101,100,180,0,0,0,0,0,0,0,0,0,0,0
82,136,70,27,89,59,86,11,97,104,101,100,180,0,0,0,0,0,0,0,0,0,0,0
82,136,69,27,90,57,86,12,99,104,99,98,180,0,0,0,0,0,0,0,0,0,0,0
82,135,68,28,92,55,86,12,101,104,97,96,180,0,0,0,0,0,0,0,0,0,0,0
82,135,68,30,94,53,86,13,102,104,96,94,180,0,0,0,0,0,0,0,0,0,0,0
82,135,68,32,96,51,86,13,103,104,95,92,180,0,0,0,0,0,0,0,0,0,0,0
82,134,68,35,98,50,86,13,104,104,94,91,180,0,0,0,0,0,0,0,0,0,0,0
82,134,70,38,100,49,86,13,105,104,93,90,180,0,0,0,0,0,0,0,0,0,0,0
82,134,71,41,102,48,86,14,105,104,93,89,180,0,0,0,0,0,0,0,0,0,0,0
82,134,73,45,104,48,86,14,106,104,92,89,180,0,0,0,0,0,0,0,0,0,0,0
82,134,75,49,105,47,86,14,106,104,92,88,180,0,0,0,0,0,0,0,0,0,0,0
82,134,78,53,107,47,86,14,107,104,91,88,180,0,0,0,0,0,0,0,0,0,0,0
82,133,81,57,108,46,86,14,107,104,91,87,180,0,0,0,0,0,0,0,0,0,0,0
82,133,84,61,110,46,86,14,107,104,91,87,180,0,0,0,0,0,0,0,0,0,0,0
82,133,87,65,111,46,86,14,108,104,90,87,180,0,0,0,0,0,0,0,0,0,0,0
82,133,90,69,112,45,86,14,108,104,90,86,180,0,0,0,0,0,0,0,0,0,0,0
82,133,93,73,113,45,86,14,108,104,90,86,180,0,0,0,0,0,0,0,0,0,0,0
82,133,96,77,113,45,86,14,108,104,90,86,180,0,0,0,0,0,0,0,0,0,0,0
82,133,99,80,114,45,86,15,108,104,90,86,180,0,0,0,0,0,0,0,0,0,0,0
82,133,102,83,114,45,86,15,109,104,89,86,180,0,0,0,0,0,0,0,0,0,0,0
82,133,104,86,114,45,86,15,109,104,89,86,180,0,0,0,0,0,0,0,0,0,0,0
82,133,107,88,113,45,86,15,109,104,89,86,180,0,0,0,0,0,0,0,0,0,0,0
82,133,109,90,113,45,86,15,109,104,89,86,180,0,0,0,0,0,0,0,0,0,0,0
82,133,111,91,112,44,86,15,109,104,89,87,180,0,0,0,0,0,0,0,0,0,0,0
82,133,112,91,111,44,86,15,109,104,89,87,180,0,0,0,0,0,0,0,0,0,0,0
82,133,113,91,110,44,86,15,109,104,89,87,180,0,0,0,0,0,0,0,0,0,0,0
82,133,114,90,108,44,86,15,109,104,89,87,180,0,0,0,0,0,0,0,0,0,0,0
82,133,115,88,106,44,86,15,109,104,89,87,180,0,0,0,0,0,0,0,0,0,0,0
82,133,115,86,104,44,86,15,109,104,89,87,180,0,0,0,0,0,0,0,0,0,0,0
82,133,115,84,101,45,86,15,109,104,89,86,180,0,0,0,0,0,0,0,0,0,0,0
82,133,115,82,98,45,86,15,109,104,89,86,180,0,0,0,0,0,0,0,0,0,0,0
82,133,115,79,96,45,86,15,109,104,89,86,180,0,0,0,0,0,0,0,0,0,0,0
82,133,115,76,93,45,86,15,109,104,89,86,180,0,0,0,0,0,0,0,0,0,0,0
82,133,115,72,90,45,86,15,110,104,88,86,180,0,0,0,0,0,0,0,0,0,0,0
82,133,114,69,87,45,86,14,110,104,88,86,180,0,0,0,0,0,0,0,0,0,0,0
82,133,114,65,84,45,86,14,110,104,88,86,180,0,0,0,0,0,0,0,0,0,0,0
82,133,113,62,81,45,86,14,110,104,88,86,180,0,0,0,0,0,0,0,0,0,0,0
82,133,112,58,78,46,86,14,110,104,88,87,180,0,0,0,0,0,0,0,0,0,0,0
82,133,111,54,75,46,86,14,111,104,87,87,180,0,0,0,0,0,0,0,0,0,0,0
82,133,110,51,73,46,86,14,111,104,87,87,180,0,0,0,0,0,0,0,0,0,0,0
82,134,109,47,70,47,86,14,111,104,87,88,180,0,0,0,0,0,0,0,0,0,0,0
82,134,108,44,68,47,86,14,112,104,86,88,180,0,0,0,0,0,0,0,0,0,0,0
82,134,107,41,66,48,86,14,112,104,86,89,180,0,0,0,0,0,0,0,0,0,0,0
82,134,105,38,65,48,86,14,113,104,85,89,180,0,0,0,0,0,0,0,0,0,0,0
82,134,104,35,63,49,86,13,113,104,85,90,180,0,0,0,0,0,0,0,0,0,0,0
82,134,102,33,63,50,86,13,114,104,84,91,180,0,0,0,0,0,0,0,0,0,0,0
82,135,101,31,62,51,86,13,115,104,83,92,180,0,0,0,0,0,0,0,0,0,0,0
